0 9.80 9.44 9.01
1080 9.81 9.45 9.03
2160 9.80 9.41 9.01
3240 9.81 9.41 8.92
4320 9.81 9.42 8.94
5400 9.81 9.41 9.01
6480 9.81 9.39 8.94
7560 9.80 9.43 9.02
8640 9.81 9.42 8.92
9720 9.80 9.43 9.02
10800 9.80 9.41 9.02
11880 9.80 9.39 9.02
12960 9.80 9.40 9.02
14040 9.80 9.40 9.02
15120 9.81 9.43 9.02
16200 9.80 9.40 8.95
17280 9.81 9.43 8.95
18360 9.81 9.41 8.95
19440 9.81 9.45 9.03
20520 9.82 9.43 9.03
21600 9.82 9.42 9.03
22680 9.82 9.45 9.04
23760 9.82 9.43 9.04
24840 9.82 9.44 9.02
25920 9.82 9.43 9.02
27000 9.81 9.44 9.02
28080 9.81 9.44 9.02
29160 9.81 9.41 9.02
30240 9.81 9.40 9.02
31320 9.81 9.41 9.03
32400 9.81 9.40 9.03
33480 9.81 9.41 9.03
34560 9.81 9.41 9.03
35640 9.81 9.42 9.03
36720 9.81 9.41 9.03
37800 9.81 9.40 9.03
38880 9.82 9.39 9.02
39960 9.82 9.40 9.02
41040 9.82 9.42 9.02
42120 9.82 9.43 9.02
43200 9.82 9.43 9.02
44280 9.82 9.43 9.02
45360 9.82 9.42 9.02
46440 9.82 9.44 9.02
47520 9.82 9.44 9.02
48600 9.82 9.40 9.02
49680 9.81 9.41 9.04
50760 9.82 9.44 9.03
51840 9.82 9.43 9.02
52920 9.81 9.42 9.02
54000 9.81 9.43 9.02
55080 9.81 9.44 9.03
56160 9.81 9.44 9.03
57240 9.80 9.40 9.03
58320 9.80 9.43 9.03
59400 9.81 9.40 9.02
60480 9.80 9.41 9.02
61560 9.80 9.43 9.02
62640 9.80 9.40 8.95
63720 9.80 9.40 8.95
64800 9.80 9.41 8.95
65880 9.80 9.40 9.02
66960 9.80 9.42 9.02
68040 9.80 9.37 8.92
69120 9.80 9.39 9.02
70200 9.80 9.40 9.02
71280 9.80 9.39 9.02
72360 9.81 9.44 9.02
73440 9.81 9.40 8.92
74520 9.81 9.41 8.92
75600 9.81 9.38 9.01
76680 9.80 9.41 9.01
77760 9.81 9.42 9.01
78840 9.80 9.43 9.01
79920 9.80 9.42 8.92
81000 9.80 9.41 8.92
82080 9.80 9.43 9.03
83160 9.80 9.43 9.01
84240 9.80 9.44 9.01
85320 9.80 9.44 9.01
